2015052101
2015052102
2015052103
2015052104
2015052105
2015052106
2015052107
2015052108
2015052109
2015052110
2015052111
2015052112
2015052113
2015052114
2015052115
2015052116
2015052117
2015052118
2015052119
2015052120
2015052121
2015052122
2015052123
2015052124
2015052125
2015052126
2015052127
2015052128
2015052129
2015052130
2015052131
2015052132
2015052133
2015052134
2015052135
2015052136
2015052137
2015052138
2015052139
2015052201
2015052202
2015052203
2015052204
2015052205
2015052206
2015052207
2015052208
2015052209
2015052210
2015052211
2015052212
2015052213
2015052214
2015052215
2015052216
2015052217
2015052218
2015052219
2015052220
2015052221
2015052222
2015052223
2015052224
2015052225
2015052226
2015052227
2015052228
2015052229
2015052230
2015052231
2015052232
2015052233
2015052234
2015052235
2015052236
2015052237
2015052238
2015052239
2015052301
2015052302
2015052303
2015052304
2015052305
2015052306
2015052307
2015052308
2015052309
2015052310
2015052311
2015052312
2015052313
2015052314
2015052315
2015052316
2015052317
2015052318
2015052319
2015052320
2015052321
2015052322
2015052323
2015052324
2015052325
2015052326
2015052327
2015052328
2015052329
2015052330
2015052331
2015052332
2015052333
2015052334
2015052335
2015052336
2015052337
2015052338
2015052339
2015052401
2015052402
2015052403
2015052404
2015052405
2015052406
2015052407
2015052408
2015052409
2015052410
2015052411
2015052412
2015052413
2015052414
2015052415
2015052416
2015052417
2015052418
2015052419
2015052420
2015052421
2015052422
2015052423
2015052424
2015052425
2015052426
2015052427
2015052428
2015052429
2015052430
2015052431
2015052432
2015052433
2015052434
2015052435
2015052436
2015052437
2015052438
2015052439
2016052101
2016052102
2016052103
2016052104
2016052105
2016052106
2016052107
2016052108
2016052109
2016052110
2016052111
2016052112
2016052113
2016052114
2016052115
2016052116
2016052117
2016052118
2016052119
2016052120
2016052121
2016052122
2016052123
2016052124
2016052125
2016052126
2016052127
2016052128
2016052129
2016052130
2016052131
2016052132
2016052133
2016052134
2016052135
2016052136
2016052137
2016052138
2016052139
2016052201
2016052202
2016052203
2016052204
2016052205
2016052206
2016052207
2016052208
2016052209
2016052210
2016052211
2016052212
2016052213
2016052214
2016052215
2016052216
2016052217
2016052218
2016052219
2016052220
2016052221
2016052222
2016052223
2016052224
2016052225
2016052226
2016052227
2016052228
2016052229
2016052230
2016052231
2016052232
2016052233
2016052234
2016052235
2016052236
2016052237
2016052238
2016052239
2016052301
2016052302
2016052303
2016052304
2016052305
2016052306
2016052307
2016052308
2016052309
2016052310
2016052311
2016052312
2016052313
2016052314
2016052315
2016052316
2016052317
2016052318
2016052319
2016052320
2016052321
2016052322
2016052323
2016052324
2016052325
2016052326
2016052327
2016052328
2016052329
2016052330
2016052331
2016052332
2016052333
2016052334
2016052335
2016052336
2016052337
2016052338
2016052339
2016052401
2016052402
2016052403
2016052404
2016052405
2016052406
2016052407
2016052408
2016052409
2016052410
2016052411
2016052412
2016052413
2016052414
2016052415
2016052416
2016052417
2016052418
2016052419
2016052420
2016052421
2016052422
2016052423
2016052424
2016052425
2016052426
2016052427
2016052428
2016052429
2016052430
2016052431
2016052432
2016052433
2016052434
2016052435
2016052436
2016052437
2016052438
2016052439
2017052101
2017052102
2017052103
2017052104
2017052105
2017052106
2017052107
2017052108
2017052109
2017052110
2017052111
2017052112
2017052113
2017052114
2017052115
2017052116
2017052117
2017052118
2017052119
2017052120
2017052121
2017052122
2017052123
2017052124
2017052125
2017052126
2017052127
2017052128
2017052129
2017052130
2017052131
2017052132
2017052133
2017052134
2017052135
2017052136
2017052137
2017052138
2017052139
2017052201
2017052202
2017052203
2017052204
2017052205
2017052206
2017052207
2017052208
2017052209
2017052210
2017052211
2017052212
2017052213
2017052214
2017052215
2017052216
2017052217
2017052218
2017052219
2017052220
2017052221
2017052222
2017052223
2017052224
2017052225
2017052226
2017052227
2017052228
2017052229
2017052230
2017052231
2017052232
2017052233
2017052234
2017052235
2017052236
2017052237
2017052238
2017052239
2017052301
2017052302
2017052303
2017052304
2017052305
2017052306
2017052307
2017052308
2017052309
2017052310
2017052311
2017052312
2017052313
2017052314
2017052315
2017052316
2017052317
2017052318
2017052319
2017052320
2017052321
2017052322
2017052323
2017052324
2017052325
2017052326
2017052327
2017052328
2017052329
2017052330
2017052331
2017052332
2017052333
2017052334
2017052335
2017052336
2017052337
2017052338
2017052339
2017052401
2017052402
2017052403
2017052404
2017052405
2017052406
2017052407
2017052408
2017052409
2017052410
2017052411
2017052412
2017052413
2017052414
2017052415
2017052416
2017052417
2017052418
2017052419
2017052420
2017052421
2017052422
2017052423
2017052424
2017052425
2017052426
2017052427
2017052428
2017052429
2017052430
2017052431
2017052432
2017052433
2017052434
2017052435
2017052436
2017052437
2017052438
2017052439
